a1: 84
Ea1: 75.25083612040133
Va1: 37.62584175554948
dev: 1.4263412393642743
pval (exact): 0.9447607606698496
pval (normal approx): 0.9231150669052008
