a1: 44
Ea1: 25.252525252525253
Va1: 12.62757745107011
dev: 5.275732376010964
pval (exact): 5.541647839765898e-08
pval (normal approx): 0.9999999338865305
