a1: 152
Ea1: 150.25041736227044
Va1: 75.12541876105257
dev: 0.20185569526469693
pval (exact): None
pval (normal approx): 0.5799852304552482
